game.Players.LocalPlayer.Character.Humanoid.RootPart.CFrame = CFrame.new(-9995.04785, 6.74347782, -14.9887571, -0.0153616462, -0.0166659281, -0.999743104, -0.00019507196, 0.999861121, -0.016664898, 0.999881983, -6.09784183e-05, -0.0153627628) 
task.wait()
game.Players.LocalPlayer.Character.Humanoid.RootPart.CFrame = CFrame.new(-9995.17969, 6.90927839, -14.964921, -0.172052518, 0.0142201744, 0.984985113, 0.000328717753, 0.999896586, -0.0143780308, -0.985087752, -0.00214999449, -0.172039405) 
task.wait()
game.Players.LocalPlayer.Character.Humanoid.RootPart.CFrame = CFrame.new(-9995.31152, 7.06145954, -14.9402227, -0.188751966, 0.00965756364, 0.981977284, 0.000401832775, 0.999952316, -0.00975710526, -0.982024729, -0.00144708226, -0.18874684) 
task.wait()
game.Players.LocalPlayer.Character.Humanoid.RootPart.CFrame = CFrame.new(-9995.37793, 7.13243771, -14.9274473, -0.199197352, 0.0074504232, 0.979931056, 0.000357480661, 0.999971569, -0.00753012393, -0.979959309, -0.00114967441, -0.199194357) 
task.wait()
game.Players.LocalPlayer.Character.Humanoid.RootPart.CFrame = CFrame.new(-9995.50977, 7.26417112, -14.9009199, -0.20916687, 0.00391438417, 0.977872133, 0.000220495305, 0.999992132, -0.00395576609, -0.977879941, -0.000611798954, -0.209166095) 
task.wait()
game.Players.LocalPlayer.Character.Humanoid.RootPart.CFrame = CFrame.new(-9995.5752, 7.32492685, -14.8871126, -0.216998264, 0.00263678329, 0.976168454, 0.000155292917, 0.999996424, -0.00266662543, -0.97617197, -0.000427061052, -0.216997907) 
task.wait()
game.Players.LocalPlayer.Character.Humanoid.RootPart.CFrame = CFrame.new(-9995.70703, 7.43621826, -14.858429, -0.223594457, 0.000952654227, 0.974681795, 5.67851312e-05, 0.999999523, -0.000964373117, -0.974682271, -0.000160281052, -0.223594397) 
task.wait()
game.Players.LocalPlayer.Character.Humanoid.RootPart.CFrame = CFrame.new(-9995.83789, 7.53388405, -14.8287773, -0.233800441, 0.000124936283, 0.972284615, 1.31955062e-06, 1, -0.000128180342, -0.972284615, -2.8685643e-05, -0.233800441) 
task.wait()
game.Players.LocalPlayer.Character.Humanoid.RootPart.CFrame = CFrame.new(-9995.90234, 7.57760763, -14.8134222, -0.240933686, -7.8029967e-05, 0.970541596, -1.283458e-05, 1, 7.72122366e-05, -0.970541596, 6.14653482e-06, -0.240933686) 
task.wait()
game.Players.LocalPlayer.Character.Humanoid.RootPart.CFrame = CFrame.new(-9996.03125, 7.6548357, -14.7816286, -0.245905548, -0.000238003646, 0.969293773, -2.3304945e-05, 1, 0.000239630986, -0.969293773, 3.63372492e-05, -0.245905548) 
task.wait()
game.Players.LocalPlayer.Character.Humanoid.RootPart.CFrame = CFrame.new(-9996.0957, 7.68834019, -14.7653723, -0.254550964, -0.000245341682, 0.967059314, -2.30908063e-05, 0.99999994, 0.000247620657, -0.967059374, 4.07018997e-05, -0.254550964) 
task.wait()
game.Players.LocalPlayer.Character.Humanoid.RootPart.CFrame = CFrame.new(-9996.22461, 7.74513149, -14.7317791, -0.257814556, -0.000198759051, 0.966194391, -1.79034196e-05, 1, 0.000200936047, -0.966194451, 3.45060507e-05, -0.257814556) 
task.wait()
game.Players.LocalPlayer.Character.Humanoid.RootPart.CFrame = CFrame.new(-9996.28906, 7.76841736, -14.7146921, -0.263084203, -0.000164050201, 0.96477288, -1.44551095e-05, 1, 0.000166098456, -0.96477288, 2.97519819e-05, -0.263084203) 
task.wait()
game.Players.LocalPlayer.Character.Humanoid.RootPart.CFrame = CFrame.new(-9996.41797, 7.80477047, -14.6798344, -0.26630801, -9.83021237e-05, 0.96388799, -8.19826528e-06, 1, 9.97199459e-05, -0.96388799, 1.86540128e-05, -0.26630801) 
task.wait()
game.Players.LocalPlayer.Character.Humanoid.RootPart.CFrame = CFrame.new(-9996.54688, 7.82749844, -14.6444407, -0.268069863, -4.9674607e-05, 0.96339947, -3.82448206e-06, 1, 5.0497616e-05, -0.96339947, 9.85238512e-06, -0.268069863) 
task.wait()
game.Players.LocalPlayer.Character.Humanoid.RootPart.CFrame = CFrame.new(-9996.61133, 7.83375311, -14.6266155, -0.269847631, -3.26227455e-05, 0.962903023, -2.34491245e-06, 1, 3.32224299e-05, -0.962903023, 6.70707004e-06, -0.269847631) 
task.wait()
game.Players.LocalPlayer.Character.Humanoid.RootPart.CFrame = CFrame.new(-9996.74023, 7.83604383, -14.5907154, -0.271446735, -1.06821362e-05, 0.962453485, -5.19361208e-07, 1, 1.09523817e-05, -0.962453485, 2.4731271e-06, -0.271446735) 
task.wait()
game.Players.LocalPlayer.Character.Humanoid.RootPart.CFrame = CFrame.new(-9996.86914, 7.85685349, -14.554574, -0.273182392, 5.07324103e-06, 0.961962283, 6.56873794e-07, 1, -5.08730409e-06, -0.961962283, -7.57874204e-07, -0.273182392) 
task.wait()
game.Players.LocalPlayer.Character.Humanoid.RootPart.CFrame = CFrame.new(-9996.93359, 7.87111902, -14.5364056, -0.274891496, 1.0035862e-05, 0.961475253, 9.84142844e-07, 1, -1.01566102e-05, -0.961475253, -1.84573685e-06, -0.274891496) 
task.wait()
game.Players.LocalPlayer.Character.Humanoid.RootPart.CFrame = CFrame.new(-9997.0625, 7.89934063, -14.4998331, -0.276542604, 1.30828239e-05, 0.961001635, 1.08491679e-06, 1, -1.33015365e-05, -0.961001635, -2.63583456e-06, -0.276542604) 
task.wait()
game.Players.LocalPlayer.Character.Humanoid.RootPart.CFrame = CFrame.new(-9997.12695, 7.91204834, -14.4814444, -0.276551604, 1.1717837e-05, 0.960999072, 9.14369309e-07, 1, -1.19302576e-05, -0.960999072, -2.42062379e-06, -0.276551604) 
task.wait()
game.Players.LocalPlayer.Character.Humanoid.RootPart.CFrame = CFrame.new(-9997.25586, 7.93370581, -14.4445925, -0.278214097, 5.86002079e-06, 0.960519075, 3.70189582e-07, 1, -5.99366422e-06, -0.960519075, -1.3119477e-06, -0.278214097) 
task.wait()
game.Players.LocalPlayer.Character.Humanoid.RootPart.CFrame = CFrame.new(-9997.38477, 7.95052671, -14.4075537, -0.27987656, -4.42646126e-07, 0.96003598, -1.44606943e-07, 1, 4.18915562e-07, -0.96003598, -2.15832312e-08, -0.27987656) 
task.wait()
game.Players.LocalPlayer.Character.Humanoid.RootPart.CFrame = CFrame.new(-9997.44922, 7.95735359, -14.3889418, -0.281597555, -2.73324144e-06, 0.959532619, -3.15207046e-07, 1, 2.75600837e-06, -0.959532619, 4.73633747e-07, -0.281597555) 
task.wait()
game.Players.LocalPlayer.Character.Humanoid.RootPart.CFrame = CFrame.new(-9997.57812, 7.96839142, -14.3514795, -0.283255339, -3.86721376e-06, 0.959044516, -3.69753849e-07, 1, 3.9231536e-06, -0.959044516, 7.56643828e-07, -0.283255339) 
task.wait()
game.Players.LocalPlayer.Character.Humanoid.RootPart.CFrame = CFrame.new(-9997.64258, 8.18922424, -14.3327293, -0.28491351, -3.99706187e-06, 0.958553255, -3.6101477e-07, 1, 4.06258505e-06, -0.958553255, 8.11433551e-07, -0.28491351) 
task.wait()
game.Players.LocalPlayer.Character.Humanoid.RootPart.CFrame = CFrame.new(-9997.77148, 8.62748432, -14.295229, -0.284913838, -4.25930284e-06, 0.958553135, -3.43542268e-07, 1, 4.34135836e-06, -0.958553135, 9.07609547e-07, -0.284913838) 
task.wait()
game.Players.LocalPlayer.Character.Humanoid.RootPart.CFrame = CFrame.new(-9997.83496, 8.84150505, -14.2763252, -0.286606461, -3.96453152e-06, 0.958048403, -3.08671076e-07, 1, 4.04579168e-06, -0.958048403, 8.6382812e-07, -0.286606461) 
task.wait()
game.Players.LocalPlayer.Character.Humanoid.RootPart.CFrame = CFrame.new(-9997.96191, 9.25932789, -14.2382126, -0.286608309, -2.84964926e-06, 0.958047867, -2.11369752e-07, 1, 2.9112e-06, -0.958047867, 6.31871785e-07, -0.286608309) 
task.wait()
game.Players.LocalPlayer.Character.Humanoid.RootPart.CFrame = CFrame.new(-9998.08887, 9.66352558, -14.2000093, -0.286622912, -1.70499743e-06, 0.958043456, -1.17962429e-07, 1, 1.74437457e-06, -0.958043456, 3.86964558e-07, -0.286622912) 
task.wait()
game.Players.LocalPlayer.Character.Humanoid.RootPart.CFrame = CFrame.new(-9998.15234, 9.86051559, -14.1809015, -0.286628276, -1.23920188e-06, 0.958041847, -8.25057285e-08, 1, 1.26878945e-06, -0.958041847, 2.84626992e-07, -0.286628276) 
task.wait()
game.Players.LocalPlayer.Character.Humanoid.RootPart.CFrame = CFrame.new(-9998.2793, 10.244276, -14.142684, -0.286628544, -5.64255799e-07, 0.958041787, -3.3690899e-08, 1, 5.78888091e-07, -0.958041787, 1.3364857e-07, -0.286628544) 
task.wait()
game.Players.LocalPlayer.Character.Humanoid.RootPart.CFrame = CFrame.new(-9998.34277, 10.4310465, -14.1235743, -0.286629409, -3.42809784e-07, 0.958041549, -1.85338287e-08, 1, 3.52278505e-07, -0.958041549, 8.3217202e-08, -0.286629409) 
task.wait()
game.Players.LocalPlayer.Character.Humanoid.RootPart.CFrame = CFrame.new(-9998.46973, 10.7943697, -14.0853548, -0.286629736, -7.53067866e-08, 0.95804143, -1.2927277e-09, 1, 7.82181715e-08, -0.95804143, 2.1181167e-08, -0.286629736) 
task.wait()
game.Players.LocalPlayer.Character.Humanoid.RootPart.CFrame = CFrame.new(-9998.5332, 10.9709215, -14.0662451, -0.286629587, -5.43376588e-09, 0.958041489, 2.78114398e-09, 1, 6.50381438e-09, -0.958041489, 4.52863702e-09, -0.286629587) 
task.wait()
game.Players.LocalPlayer.Character.Humanoid.RootPart.CFrame = CFrame.new(-9998.66016, 11.3138065, -14.0280256, -0.286630034, 5.67100145e-08, 0.95804137, 5.73308911e-09, 1, -5.74784593e-08, -0.95804137, -1.09825162e-08, -0.286630034) 
task.wait()
game.Players.LocalPlayer.Character.Humanoid.RootPart.CFrame = CFrame.new(-9998.78711, 11.6430664, -13.9898062, -0.286630064, 9.85521424e-08, 0.95804131, 7.36817141e-09, 1, -1.00663925e-07, -0.95804131, -2.17942944e-08, -0.286630064) 
task.wait()
game.Players.LocalPlayer.Character.Humanoid.RootPart.CFrame = CFrame.new(-9998.85059, 11.8025875, -13.9706964, -0.286629647, 1.02195465e-07, 0.958041489, 7.20525994e-09, 1, -1.04515543e-07, -0.958041489, -2.3054314e-08, -0.286629647) 
task.wait()
game.Players.LocalPlayer.Character.Humanoid.RootPart.CFrame = CFrame.new(-9998.97754, 12.1114101, -13.932477, -0.285045058, 1.09519362e-07, 0.958514094, 6.87330015e-09, 1, -1.12215524e-07, -0.958514094, -2.5398327e-08, -0.285045058) 
task.wait()
game.Players.LocalPlayer.Character.Humanoid.RootPart.CFrame = CFrame.new(-9999.10449, 12.4066076, -13.8944244, -0.281721294, 1.16894419e-07, 0.95949626, 6.52778587e-09, 1, -1.19912301e-07, -0.95949626, -2.75184604e-08, -0.281721294) 
task.wait()
game.Players.LocalPlayer.Character.Humanoid.RootPart.CFrame = CFrame.new(-9999.23145, 12.68818, -13.8567553, -0.276801378, 1.24329787e-07, 0.960927129, 6.16281026e-09, 1, -1.27610008e-07, -0.960927129, -2.94006117e-08, -0.276801378) 
task.wait()
game.Players.LocalPlayer.Character.Humanoid.RootPart.CFrame = CFrame.new(-9999.2959, 12.8238573, -13.8381796, -0.266714752, 1.28288477e-07, 0.963775516, 5.9585914e-09, 1, -1.31461363e-07, -0.963775516, -2.93199367e-08, -0.266714752) 
task.wait()
game.Players.LocalPlayer.Character.Humanoid.RootPart.CFrame = CFrame.new(-9999.36035, 12.9561281, -13.8201103, -0.261630982, 1.32105271e-07, 0.965167999, 5.73766323e-09, 1, -1.35317507e-07, -0.965167999, -2.98654435e-08, -0.261630982) 
task.wait()
game.Players.LocalPlayer.Character.Humanoid.RootPart.CFrame = CFrame.new(-9999.55371, 13.3325024, -13.7674618, -0.248977557, 1.43586078e-07, 0.968509257, 5.06755438e-09, 1, -1.46952004e-07, -0.968509257, -3.16797788e-08, -0.248977557) 
task.wait()
game.Players.LocalPlayer.Character.Humanoid.RootPart.CFrame = CFrame.new(-9999.61816, 13.451148, -13.7505846, -0.238121554, 1.47682172e-07, 0.971235335, 4.8457296e-09, 1, -1.50867962e-07, -0.971235335, -3.12185691e-08, -0.238121554) 
task.wait()
game.Players.LocalPlayer.Character.Humanoid.RootPart.CFrame = CFrame.new(-9999.68262, 13.5663872, -13.7343502, -0.224567294, 1.51880101e-07, 0.974458575, 4.59607596e-09, 1, -1.54801839e-07, -0.974458575, -3.02847454e-08, -0.224567294) 
task.wait()
game.Players.LocalPlayer.Character.Humanoid.RootPart.CFrame = CFrame.new(-9999.81152, 13.7866478, -13.7037983, -0.206427261, 1.60092256e-07, 0.978461921, 4.08253786e-09, 1, -1.6275493e-07, -0.978461921, -2.96024467e-08, -0.206427261) 
task.wait()
game.Players.LocalPlayer.Character.Humanoid.RootPart.CFrame = CFrame.new(-9999.94238, 13.9932833, -13.6756783, -0.192685604, 1.68346645e-07, 0.981260538, 3.60151042e-09, 1, -1.70854406e-07, -0.981260538, -2.93871647e-08, -0.192685604) 
task.wait()
game.Players.LocalPlayer.Character.Humanoid.RootPart.CFrame = CFrame.new(-10000.0078, 14.0914917, -13.6624823, -0.176718816, 1.72789569e-07, 0.984261394, 3.34722028e-09, 1, -1.74951538e-07, -0.984261394, -2.76226899e-08, -0.176718816) 
task.wait()
game.Players.LocalPlayer.Character.Humanoid.RootPart.CFrame = CFrame.new(-10000.1387, 14.277689, -13.6382399, -0.150093451, 1.81652567e-07, 0.988671839, 2.8632281e-09, 1, -1.83299264e-07, -0.988671839, -2.46812277e-08, -0.150093451) 
task.wait()
game.Players.LocalPlayer.Character.Humanoid.RootPart.CFrame = CFrame.new(-10000.2695, 14.4502621, -13.6173677, -0.119330853, 1.55820743e-07, 0.992854536, 2.38564146e-09, 1, -1.56655446e-07, -0.992854536, -1.63252327e-08, -0.119330853) 
task.wait()
game.Players.LocalPlayer.Character.Humanoid.RootPart.CFrame = CFrame.new(-10000.3359, 14.5314388, -13.6086493, -0.0992143899, 1.43050826e-07, 0.995066106, 2.54921129e-09, 1, -1.43505957e-07, -0.995066106, -1.17012222e-08, -0.0992143899) 
task.wait()
game.Players.LocalPlayer.Character.Humanoid.RootPart.CFrame = CFrame.new(-10000.4688, 14.6835747, -13.5944176, -0.0622113198, 1.17675896e-07, 0.998063028, 4.30291625e-09, 1, -1.17636063e-07, -0.998063028, -3.02371306e-09, -0.0622113198) 
task.wait()
game.Players.LocalPlayer.Character.Humanoid.RootPart.CFrame = CFrame.new(-10000.6016, 14.8220844, -13.5849342, -0.0207365677, 9.27797927e-08, 0.999784946, 7.88566012e-09, 1, -9.26361921e-08, -0.999784946, 5.96300787e-09, -0.0207365677) 
task.wait()
game.Players.LocalPlayer.Character.Humanoid.RootPart.CFrame = CFrame.new(-10000.668, 14.8862305, -13.5825233, 0.00171567569, 8.04688085e-08, 0.99999851, 1.02082636e-08, 1, -8.04864371e-08, -0.99999851, 1.03463371e-08, 0.00171567569) 
task.wait()
game.Players.LocalPlayer.Character.Humanoid.RootPart.CFrame = CFrame.new(-10000.8008, 15.004303, -13.5815535, 0.0438824706, 5.62032909e-08, 0.999036729, 1.64621881e-08, 1, -5.6980582e-08, -0.999036729, 1.89467801e-08, 0.0438824706) 
task.wait()
game.Players.LocalPlayer.Character.Humanoid.RootPart.CFrame = CFrame.new(-10000.9336, 15.1087513, -13.5860538, 0.0821784213, 3.25281668e-08, 0.996617615, 2.44696938e-08, 1, -3.46562672e-08, -0.996617615, 2.72349254e-08, 0.0821784213) 
task.wait()
game.Players.LocalPlayer.Character.Humanoid.RootPart.CFrame = CFrame.new(-10001, 15.1558657, -13.5905733, 0.101168431, 2.08225277e-08, 0.994869292, 2.89424911e-08, 1, -2.38730795e-08, -0.994869292, 3.1209197e-08, 0.101168431) 
task.wait()
game.Players.LocalPlayer.Character.Humanoid.RootPart.CFrame = CFrame.new(-10001.0664, 15.1995735, -13.5965242, 0.125540689, 8.98210573e-09, 0.992088497, 3.37924035e-08, 1, -1.33298874e-08, -0.992088497, 3.51984966e-08, 0.125540689) 
task.wait()
game.Players.LocalPlayer.Character.Humanoid.RootPart.CFrame = CFrame.new(-10001.1992, 15.2767715, -13.6121063, 0.15395245, -1.38649385e-08, 0.988078237, 4.44421069e-08, 1, 7.10770376e-09, -0.988078237, 4.28180336e-08, 0.15395245) 
task.wait()
game.Players.LocalPlayer.Character.Humanoid.RootPart.CFrame = CFrame.new(-10001.2656, 15.3102608, -13.6216297, 0.175672337, -2.55754582e-08, 0.984448671, 5.01481949e-08, 1, 1.7030656e-08, -0.984448671, 4.63765097e-08, 0.175672337) 
task.wait()
game.Players.LocalPlayer.Character.Humanoid.RootPart.CFrame = CFrame.new(-10001.3965, 15.3670216, -13.6440077, 0.188985869, -4.75471502e-08, 0.981979787, 6.20440446e-08, 1, 3.64790615e-08, -0.981979787, 5.40319682e-08, 0.188985869) 
task.wait()
game.Players.LocalPlayer.Character.Humanoid.RootPart.CFrame = CFrame.new(-10001.4619, 15.3902922, -13.656229, 0.200056642, -5.87661368e-08, 0.97978431, 6.81653276e-08, 1, 4.60603502e-08, -0.97978431, 5.75726418e-08, 0.200056642) 
task.wait()
game.Players.LocalPlayer.Character.Humanoid.RootPart.CFrame = CFrame.new(-10001.5928, 15.4266148, -13.682375, 0.206662968, -8.0304666e-08, 0.978412211, 8.061334e-08, 1, 6.5049143e-08, -0.978412211, 6.54298233e-08, 0.206662968) 
task.wait()
game.Players.LocalPlayer.Character.Humanoid.RootPart.CFrame = CFrame.new(-10001.6582, 15.4396667, -13.6959677, 0.212220415, -9.12291114e-08, 0.977221847, 8.69112711e-08, 1, 7.44813136e-08, -0.977221847, 6.91251358e-08, 0.212220415) 
task.wait()
game.Players.LocalPlayer.Character.Humanoid.RootPart.CFrame = CFrame.new(-10001.7891, 15.4555521, -13.7240028, 0.213895738, -1.12423358e-07, 0.97685647, 9.95668117e-08, 1, 9.32853865e-08, -0.97685647, 7.73091458e-08, 0.213895738) 
task.wait()
game.Players.LocalPlayer.Character.Humanoid.RootPart.CFrame = CFrame.new(-10001.9199, 15.4578123, -13.7524605, 0.214083821, -1.18430087e-07, 0.976815283, 1.00405394e-07, 1, 9.92356703e-08, -0.976815283, 7.68327766e-08, 0.214083821) 
task.wait()
game.Players.LocalPlayer.Character.Humanoid.RootPart.CFrame = CFrame.new(-10002.0508, 15.4464474, -13.7810049, 0.210866019, -1.09093982e-07, 0.977514982, 8.94538132e-08, 1, 9.23067347e-08, -0.977514982, 6.79780854e-08, 0.210866019) 
task.wait()
game.Players.LocalPlayer.Character.Humanoid.RootPart.CFrame = CFrame.new(-10002.1162, 15.4356556, -13.7951403, 0.204056457, -1.04071262e-07, 0.978959143, 8.40139975e-08, 1, 8.87960141e-08, -0.978959143, 6.41268727e-08, 0.204056457) 
task.wait()
game.Players.LocalPlayer.Character.Humanoid.RootPart.CFrame = CFrame.new(-10002.1816, 15.4214573, -13.808938, 0.198943853, -9.91865434e-08, 0.980010867, 7.85978429e-08, 1, 8.52541433e-08, -0.980010867, 6.00659575e-08, 0.198943853) 
task.wait()
game.Players.LocalPlayer.Character.Humanoid.RootPart.CFrame = CFrame.new(-10002.3125, 15.382843, -13.8357248, 0.192319334, -8.96699817e-08, 0.981332421, 6.78375471e-08, 1, 7.80810936e-08, -0.981332421, 5.15546787e-08, 0.192319334) 
task.wait()
game.Players.LocalPlayer.Character.Humanoid.RootPart.CFrame = CFrame.new(-10002.4434, 15.3306026, -13.8615932, 0.18220976, -7.99991469e-08, 0.983259678, 5.72001291e-08, 1, 7.07612884e-08, -0.983259678, 4.3349182e-08, 0.18220976) 
task.wait()
game.Players.LocalPlayer.Character.Humanoid.RootPart.CFrame = CFrame.new(-10002.5088, 15.2993736, -13.8739891, 0.168254018, -7.4792105e-08, 0.985743642, 5.19612371e-08, 1, 6.7004656e-08, -0.985743642, 3.99466558e-08, 0.168254018) 
task.wait()
game.Players.LocalPlayer.Character.Humanoid.RootPart.CFrame = CFrame.new(-10002.6396, 15.226696, -13.8969955, 0.158272669, -6.51775593e-08, 0.987395465, 4.16143813e-08, 1, 5.93390794e-08, -0.987395465, 3.16980966e-08, 0.158272669) 
task.wait()
game.Players.LocalPlayer.Character.Humanoid.RootPart.CFrame = CFrame.new(-10002.7705, 15.1403942, -13.9184475, 0.146225974, -5.55260229e-08, 0.989251196, 3.1440031e-08, 1, 5.14820435e-08, -0.989251196, 2.35740778e-08, 0.146225974) 
task.wait()
game.Players.LocalPlayer.Character.Humanoid.RootPart.CFrame = CFrame.new(-10002.8359, 15.0921335, -13.9284935, 0.132051513, -5.05289819e-08, 0.991242826, 2.64436171e-08, 1, 4.74526125e-08, -0.991242826, 1.99458565e-08, 0.132051513) 
task.wait()
game.Players.LocalPlayer.Character.Humanoid.RootPart.CFrame = CFrame.new(-10002.9688, 14.9853935, -13.9466991, 0.118646868, -4.08848777e-08, 0.992936492, 1.66419731e-08, 1, 3.91871602e-08, -0.992936492, 1.1874989e-08, 0.118646868) 
task.wait()
game.Players.LocalPlayer.Character.Humanoid.RootPart.CFrame = CFrame.new(-10003.1016, 14.8650284, -13.9629698, 0.0980872959, -3.11410453e-08, 0.995177805, 7.16684223e-09, 1, 3.05855572e-08, -0.995177805, 4.13222789e-09, 0.0980872959) 
task.wait()
game.Players.LocalPlayer.Character.Humanoid.RootPart.CFrame = CFrame.new(-10003.168, 14.799737, -13.9700108, 0.080128096, -2.62564299e-08, 0.996784568, 2.57951283e-09, 1, 2.61337689e-08, -0.996784568, 4.77169415e-10, 0.080128096) 
task.wait()
game.Players.LocalPlayer.Character.Humanoid.RootPart.CFrame = CFrame.new(-10003.2344, 14.731039, -13.9759645, 0.0695654154, -2.14102496e-08, 0.997577369, -1.92277039e-09, 1, 2.15963283e-08, -0.997577369, -3.42046969e-09, 0.0695654154) 
task.wait()
game.Players.LocalPlayer.Character.Humanoid.RootPart.CFrame = CFrame.new(-10003.3672, 14.5834246, -13.9858694, 0.0476738885, -1.16772965e-08, 0.998862982, -1.05810463e-08, 1, 1.21956027e-08, -0.998862982, -1.11504272e-08, 0.0476738885) 
task.wait()
game.Players.LocalPlayer.Character.Humanoid.RootPart.CFrame = CFrame.new(-10003.5, 14.4221849, -13.9929342, 0.0301912054, -1.86714333e-09, 0.999544144, -1.88553368e-08, 1, 2.43751996e-09, -0.999544144, -1.89203337e-08, 0.0301912054) 
task.wait()
game.Players.LocalPlayer.Character.Humanoid.RootPart.CFrame = CFrame.new(-10003.5664, 14.3364553, -13.9953899, 0.0069164685, 2.76814016e-09, 0.999976099, -2.27979875e-08, 1, -2.61052091e-09, -0.999976099, -2.27793855e-08, 0.0069164685) 
task.wait()
game.Players.LocalPlayer.Character.Humanoid.RootPart.CFrame = CFrame.new(-10003.6992, 14.1547785, -13.9972744, -0.0150264809, 1.26093846e-08, 0.999887109, -3.02618908e-08, 1, -1.30655895e-08, -0.999887109, -3.04548031e-08, -0.0150264809) 
task.wait()
game.Players.LocalPlayer.Character.Humanoid.RootPart.CFrame = CFrame.new(-10003.832, 13.9594765, -13.9960079, -0.0258909035, 2.28450556e-08, 0.999664783, -3.7390226e-08, 1, -2.38211086e-08, -0.999664783, -3.79944431e-08, -0.0258909035) 
task.wait()
game.Players.LocalPlayer.Character.Humanoid.RootPart.CFrame = CFrame.new(-10003.8984, 13.8567162, -13.9945688, -0.0455917753, 2.7425596e-08, 0.998960137, -4.07960918e-08, 1, -2.93160465e-08, -0.998960137, -4.20902424e-08, -0.0455917753) 
task.wait()
game.Players.LocalPlayer.Character.Humanoid.RootPart.CFrame = CFrame.new(-10004.0312, 13.640976, -13.9892607, -0.0607696623, 3.75696985e-08, 0.998151839, -4.73212793e-08, 1, -4.0520284e-08, -0.998151839, -4.96962258e-08, -0.0607696623) 
task.wait()
game.Players.LocalPlayer.Character.Humanoid.RootPart.CFrame = CFrame.new(-10004.0977, 13.527997, -13.9856176, -0.0752828494, 4.2291969e-08, 0.997162223, -5.04478912e-08, 1, -4.62209933e-08, -0.997162223, -5.37843796e-08, -0.0752828494) 
task.wait()
game.Players.LocalPlayer.Character.Humanoid.RootPart.CFrame = CFrame.new(-10004.2305, 13.2918196, -13.9762392, -0.095447436, 5.22183008e-08, 0.995434463, -5.63472575e-08, 1, -5.78606638e-08, -0.995434463, -6.16126528e-08, -0.095447436) 
task.wait()
game.Players.LocalPlayer.Character.Humanoid.RootPart.CFrame = CFrame.new(-10004.3633, 13.0420179, -13.9641705, -0.11115475, 6.24702494e-08, 0.993803084, -6.1867496e-08, 1, -6.97795315e-08, -0.993803084, -6.92404427e-08, -0.11115475) 
task.wait()
game.Players.LocalPlayer.Character.Humanoid.RootPart.CFrame = CFrame.new(-10004.4297, 12.9120073, -13.957159, -0.127371281, 6.70144686e-08, 0.991855085, -6.44675069e-08, 1, -7.58435164e-08, -0.991855085, -7.36027133e-08, -0.127371281) 
task.wait()
game.Players.LocalPlayer.Character.Humanoid.RootPart.CFrame = CFrame.new(-10004.5625, 12.6417675, -13.9408865, -0.149079844, 7.69033335e-08, 0.988825142, -6.92642033e-08, 1, -8.82150175e-08, -0.988825142, -8.1641268e-08, -0.149079844) 
task.wait()
game.Players.LocalPlayer.Character.Humanoid.RootPart.CFrame = CFrame.new(-10004.6953, 12.3579025, -13.9217167, -0.168064073, 8.71032242e-08, 0.985776067, -7.35872376e-08, 1, -1.00905872e-07, -0.985776067, -8.94991885e-08, -0.168064073) 
task.wait()
game.Players.LocalPlayer.Character.Humanoid.RootPart.CFrame = CFrame.new(-10004.7607, 12.2108612, -13.9109907, -0.192687571, 9.08258997e-08, 0.98126018, -7.55054685e-08, 1, -1.07387287e-07, -0.98126018, -9.4782699e-08, -0.192687571) 
task.wait()
game.Players.LocalPlayer.Character.Humanoid.RootPart.CFrame = CFrame.new(-10004.8916, 11.906559, -13.886322, -0.205956638, 1.01733384e-07, 0.978561103, -7.89709418e-08, 1, -1.20583138e-07, -0.978561103, -1.02112793e-07, -0.205956638) 
task.wait()
game.Players.LocalPlayer.Character.Humanoid.RootPart.CFrame = CFrame.new(-10004.957, 11.7492981, -13.8729725, -0.230304539, 1.05328816e-07, 0.973118603, -8.04780953e-08, 1, -1.27284878e-07, -0.973118603, -1.07629013e-07, -0.230304539) 
task.wait()
game.Players.LocalPlayer.Character.Humanoid.RootPart.CFrame = CFrame.new(-10005.0869, 11.4245586, -13.8432341, -0.24673374, 1.16045292e-07, 0.969083309, -8.30914715e-08, 1, -1.40903012e-07, -0.969083309, -1.15288088e-07, -0.24673374) 
task.wait()
game.Players.LocalPlayer.Character.Humanoid.RootPart.CFrame = CFrame.new(-10005.1514, 11.2570791, -13.8272381, -0.267558336, 1.19899497e-07, 0.963541687, -8.41799306e-08, 1, -1.47811505e-07, -0.963541687, -1.20659067e-07, -0.267558336) 
task.wait()
game.Players.LocalPlayer.Character.Humanoid.RootPart.CFrame = CFrame.new(-10005.2803, 10.9119024, -13.7924519, -0.282191515, 1.05106515e-07, 0.959358096, -7.06305769e-08, 1, -1.30334925e-07, -0.959358096, -1.04539424e-07, -0.282191515) 
task.wait()
game.Players.LocalPlayer.Character.Humanoid.RootPart.CFrame = CFrame.new(-10005.4092, 10.5530996, -13.7553349, -0.294097006, 9.10896318e-08, 0.955775559, -5.71207543e-08, 1, -1.12880763e-07, -0.955775559, -8.77925146e-08, -0.294097006) 
task.wait()
game.Players.LocalPlayer.Character.Humanoid.RootPart.CFrame = CFrame.new(-10005.5361, 10.1806726, -13.7164965, -0.305854231, 7.74577842e-08, 0.952078342, -4.37068906e-08, 1, -9.53973185e-08, -0.952078342, -7.07900583e-08, -0.305854231) 
task.wait()
game.Players.LocalPlayer.Character.Humanoid.RootPart.CFrame = CFrame.new(-10005.5996, 9.98934937, -13.696394, -0.314631462, 7.05851164e-08, 0.949213922, -3.70397792e-08, 1, -8.6639055e-08, -0.949213922, -6.24180458e-08, -0.314631462) 
task.wait()
game.Players.LocalPlayer.Character.Humanoid.RootPart.CFrame = CFrame.new(-10005.6631, 9.79462051, -13.6757317, -0.319658846, 6.40651479e-08, 0.947532713, -3.03978283e-08, 1, -7.78675826e-08, -0.947532713, -5.36939986e-08, -0.319658846) 
task.wait()
game.Players.LocalPlayer.Character.Humanoid.RootPart.CFrame = CFrame.new(-10005.79, 9.39494324, -13.6334171, -0.322859257, 5.15532683e-08, 0.946447015, -1.71401844e-08, 1, -6.0317312e-08, -0.946447015, -3.56962779e-08, -0.322859257) 
task.wait()
game.Players.LocalPlayer.Character.Humanoid.RootPart.CFrame = CFrame.new(-10005.9111, 8.98164082, -13.5853415, -0.35116604, 9.46767571e-08, 0.936313212, 4.03613214e-08, 1, -8.59789537e-08, -0.936313212, 7.59795071e-09, -0.35116604) 
task.wait()
game.Players.LocalPlayer.Character.Humanoid.RootPart.CFrame = CFrame.new(-10005.958, 8.76988029, -13.5453167, -0.334310085, 1.42080921e-07, 0.94246316, 9.00548471e-08, 1, -1.18810661e-07, -0.94246316, 4.51537723e-08, -0.334310085) 
task.wait()
game.Players.LocalPlayer.Character.Humanoid.RootPart.CFrame = CFrame.new(-10006.0254, 8.33614063, -13.4357672, -0.333584517, 1.74712298e-07, 0.942720175, 1.38556771e-07, 1, -1.36299093e-07, -0.942720175, 8.51530046e-08, -0.333584517) 
task.wait()
game.Players.LocalPlayer.Character.Humanoid.RootPart.CFrame = CFrame.new(-10006.085, 7.88877583, -13.3174114, -0.327827126, 1.21270574e-07, 0.944737732, 1.10027976e-07, 1, -9.01842014e-08, -0.944737732, 7.43827542e-08, -0.327827126) 
task.wait()
game.Players.LocalPlayer.Character.Humanoid.RootPart.CFrame = CFrame.new(-10006.1143, 7.77248478, -13.2576609, -0.325494438, 8.68478907e-08, 0.945543945, 8.807352e-08, 1, -6.1531189e-08, -0.945543945, 6.3249324e-08, -0.325494438) 
task.wait()
game.Players.LocalPlayer.Character.Humanoid.RootPart.CFrame = CFrame.new(-10006.1729, 7.70815563, -13.1379404, -0.325443566, 1.85789482e-08, 0.945561469, 4.42215082e-08, 1, -4.42841985e-09, -0.945561469, 4.0372953e-08, -0.325443566) 
task.wait()
game.Players.LocalPlayer.Character.Humanoid.RootPart.CFrame = CFrame.new(-10006.2021, 7.71621227, -13.0780506, -0.323350221, -1.56015485e-08, 0.946279347, 2.23656329e-08, 1, 2.41297453e-08, -0.946279347, 2.8966495e-08, -0.323350221) 
task.wait()
game.Players.LocalPlayer.Character.Humanoid.RootPart.CFrame = CFrame.new(-10006.2607, 7.75951052, -12.9583349, -0.321680605, -8.37997618e-08, 0.946848214, -2.12261231e-08, 1, 8.12925691e-08, -0.946848214, 6.05232531e-09, -0.321680605) 
task.wait()
game.Players.LocalPlayer.Character.Humanoid.RootPart.CFrame = CFrame.new(-10006.29, 7.78511906, -12.8985176, -0.321587116, -9.9851647e-08, 0.946879983, -3.57079735e-08, 1, 9.33258946e-08, -0.946879983, -3.79876042e-09, -0.321587116) 
task.wait()
game.Players.LocalPlayer.Character.Humanoid.RootPart.CFrame = CFrame.new(-10006.3486, 7.83364439, -12.7789125, -0.348159045, -3.79011773e-08, 0.937435508, -2.61225663e-09, 1, 3.94605273e-08, -0.937435508, 1.12897167e-08, -0.348159045) 
task.wait()
game.Players.LocalPlayer.Character.Humanoid.RootPart.CFrame = CFrame.new(-10006.4658, 7.90589857, -12.539896, -0.431828737, 3.93608872e-07, 0.901955605, 3.11874942e-07, 1, -2.87078791e-07, -0.901955605, 1.573285e-07, -0.431828737) 
task.wait()
game.Players.LocalPlayer.Character.Humanoid.RootPart.CFrame = CFrame.new(-10006.583, 7.94820404, -12.3009109, -0.512158513, 6.42662485e-07, 0.858890951, 5.04366653e-07, 1, -4.47491999e-07, -0.858890951, 2.04009126e-07, -0.512158513) 
task.wait()
game.Players.LocalPlayer.Character.Humanoid.RootPart.CFrame = CFrame.new(-10006.6709, 7.96708059, -12.1216745, -0.563554943, 6.06563447e-07, 0.826078594, 4.71091653e-07, 1, -4.12887374e-07, -0.826078594, 1.56473988e-07, -0.563554943) 
task.wait()
game.Players.LocalPlayer.Character.Humanoid.RootPart.CFrame = CFrame.new(-10006.7002, 7.97170877, -12.0619287, -0.578849733, 5.70979012e-07, 0.815434217, 4.40855814e-07, 1, -3.87265743e-07, -0.815434217, 1.35320278e-07, -0.578849733) 
task.wait()
game.Players.LocalPlayer.Character.Humanoid.RootPart.CFrame = CFrame.new(-10006.7295, 7.97568893, -12.0021839, -0.593210399, 5.29294368e-07, 0.805047452, 4.05885828e-07, 1, -3.58387155e-07, -0.805047452, 1.14158361e-07, -0.593210399) 
task.wait()
game.Players.LocalPlayer.Character.Humanoid.RootPart.CFrame = CFrame.new(-10006.7588, 7.97911119, -11.9424391, -0.606767058, 4.84912789e-07, 0.794879735, 3.69053652e-07, 1, -3.2833043e-07, -0.794879735, 9.41331706e-08, -0.606767058) 
task.wait()
game.Players.LocalPlayer.Character.Humanoid.RootPart.CFrame = CFrame.new(-10006.8174, 7.98458099, -11.8229485, -0.631976128, 3.99858521e-07, 0.774987817, 2.99432486e-07, 1, -2.71777623e-07, -0.774987817, 6.02995698e-08, -0.631976128) 
task.wait()
game.Players.LocalPlayer.Character.Humanoid.RootPart.CFrame = CFrame.new(-10006.876, 7.98862028, -11.7034588, -0.654903829, 3.30865959e-07, 0.755712211, 2.43931908e-07, 1, -2.26427474e-07, -0.755712211, 3.60541144e-08, -0.654903829) 
task.wait()
game.Players.LocalPlayer.Character.Humanoid.RootPart.CFrame = CFrame.new(-10006.9053, 7.99022388, -11.643714, -0.665517688, 3.02900844e-07, 0.746382117, 2.21828103e-07, 1, -2.08030599e-07, -0.746382117, 2.71204783e-08, -0.665517688) 
task.wait()
game.Players.LocalPlayer.Character.Humanoid.RootPart.CFrame = CFrame.new(-10006.9639, 7.99278593, -11.5242243, -0.685265899, 2.56848693e-07, 0.728292942, 1.86275528e-07, 1, -1.77401745e-07, -0.728292942, 1.40957903e-08, -0.685265899) 
task.wait()
game.Players.LocalPlayer.Character.Humanoid.RootPart.CFrame = CFrame.new(-10007.0225, 7.99467659, -11.4047346, -0.703244567, 2.2140803e-07, 0.71094799, 1.59747032e-07, 1, -1.53410355e-07, -0.71094799, 5.68683101e-09, -0.703244567) 
task.wait()
game.Players.LocalPlayer.Character.Humanoid.RootPart.CFrame = CFrame.new(-10007.0518, 7.99542713, -11.3449898, -0.711574793, 2.06400657e-07, 0.702610373, 1.48726215e-07, 1, -1.4313882e-07, -0.702610373, 2.64260902e-09, -0.711574793) 
task.wait()
game.Players.LocalPlayer.Character.Humanoid.RootPart.CFrame = CFrame.new(-10007.1104, 7.99662542, -11.2255011, -0.727089524, 1.79439198e-07, 0.68654263, 1.29176087e-07, 1, -1.24561254e-07, -0.68654263, -1.88228433e-09, -0.727089524) 
task.wait()
game.Players.LocalPlayer.Character.Humanoid.RootPart.CFrame = CFrame.new(-10007.1689, 7.99750996, -11.1060114, -0.741235137, 1.56166692e-07, 0.671245456, 1.12420153e-07, 1, -1.08510115e-07, -0.671245456, -4.96998886e-09, -0.741235137) 
task.wait()
game.Players.LocalPlayer.Character.Humanoid.RootPart.CFrame = CFrame.new(-10007.2119, 7.99786091, -11.061347, -0.740510702, 1.36598487e-07, 0.672044575, 9.7440001e-08, 1, -9.58911457e-08, -0.672044575, -5.52439072e-09, -0.740510702) 
task.wait()
game.Players.LocalPlayer.Character.Humanoid.RootPart.CFrame = CFrame.new(-10007.3281, 7.99842119, -11.0066586, -0.727452993, 1.27023128e-07, 0.686157525, 8.67154455e-08, 1, -9.31881061e-08, -0.686157525, -8.2895113e-09, -0.727452993) 
task.wait()
game.Players.LocalPlayer.Character.Humanoid.RootPart.CFrame = CFrame.new(-10007.5166, 7.99899912, -10.9408112, -0.696895003, 1.86291103e-07, 0.717173159, 1.2348184e-07, 1, -1.39767124e-07, -0.717173159, -8.8451495e-09, -0.696895003) 
task.wait()
game.Players.LocalPlayer.Character.Humanoid.RootPart.CFrame = CFrame.new(-10007.5801, 7.99914026, -10.9194193, -0.685960352, 2.14178755e-07, 0.7276389, 1.41713713e-07, 1, -1.607511e-07, -0.7276389, -7.15247372e-09, -0.685960352) 
task.wait()
game.Players.LocalPlayer.Character.Humanoid.RootPart.CFrame = CFrame.new(-10007.707, 7.99936533, -10.8767309, -0.664267242, 2.55204554e-07, 0.747495174, 1.68441687e-07, 1, -1.91726016e-07, -0.747495174, -1.44797907e-09, -0.664267242) 
task.wait()
game.Players.LocalPlayer.Character.Humanoid.RootPart.CFrame = CFrame.new(-10007.7705, 7.99945498, -10.8554001, -0.653672934, 2.6486245e-07, 0.756777167, 1.74671996e-07, 1, -1.99112904e-07, -0.756777167, 2.03306683e-09, -0.653672934) 
task.wait()
game.Players.LocalPlayer.Character.Humanoid.RootPart.CFrame = CFrame.new(-10007.8975, 7.99959755, -10.8127432, -0.633097708, 2.62226536e-07, 0.774071872, 1.72882849e-07, 1, -1.97365125e-07, -0.774071872, 8.87234197e-09, -0.633097708) 
task.wait()
game.Players.LocalPlayer.Character.Humanoid.RootPart.CFrame = CFrame.new(-10008.0879, 7.99974489, -10.7487602, -0.6036852, 2.25998889e-07, 0.797222793, 1.49746398e-07, 1, -1.70089479e-07, -0.797222793, 1.67007315e-08, -0.6036852) 
task.wait()
game.Players.LocalPlayer.Character.Humanoid.RootPart.CFrame = CFrame.new(-10008.2783, 7.99983835, -10.6847792, -0.576302767, 1.81894166e-07, 0.817236304, 1.21912137e-07, 1, -1.36601699e-07, -0.817236304, 2.09070805e-08, -0.576302767) 
task.wait()
game.Players.LocalPlayer.Character.Humanoid.RootPart.CFrame = CFrame.new(-10008.3418, 7.99986124, -10.6634512, -0.567734361, 1.68281986e-07, 0.823211789, 1.13312275e-07, 1, -1.26274571e-07, -0.823211789, 2.15895923e-08, -0.567734361) 
task.wait()
game.Players.LocalPlayer.Character.Humanoid.RootPart.CFrame = CFrame.new(-10008.5957, 7.99992418, -10.5781431, -0.535610259, 1.45014113e-07, 0.844465315, 1.00201973e-07, 1, -1.08168933e-07, -0.844465315, 2.66807039e-08, -0.535610259) 
task.wait()
game.Players.LocalPlayer.Character.Humanoid.RootPart.CFrame = CFrame.new(-10008.7861, 7.99995184, -10.5141582, -0.513872802, 1.31034994e-07, 0.857866406, 9.13628355e-08, 1, -9.80177361e-08, -0.857866406, 2.80084578e-08, -0.513872802) 
task.wait()
game.Players.LocalPlayer.Character.Humanoid.RootPart.CFrame = CFrame.new(-10008.9766, 7.99996948, -10.4509783, -0.494016498, 1.28177945e-07, 0.869452536, 8.99919854e-08, 1, -9.62909539e-08, -0.869452536, 3.0674439e-08, -0.494016498) 
task.wait()
game.Players.LocalPlayer.Character.Humanoid.RootPart.CFrame = CFrame.new(-10009.04, 7.99997377, -10.4303885, -0.487706929, 1.33942052e-07, 0.873007417, 9.43120497e-08, 1, -1.00738454e-07, -0.873007417, 3.32042731e-08, -0.487706929) 
task.wait()
game.Players.LocalPlayer.Character.Humanoid.RootPart.CFrame = CFrame.new(-10009.1035, 7.99997759, -10.4101677, -0.481525451, 1.28388422e-07, 0.876432121, 9.04151918e-08, 1, -9.68143539e-08, -0.876432121, 3.26241967e-08, -0.481525451) 
task.wait()
game.Players.LocalPlayer.Character.Humanoid.RootPart.CFrame = CFrame.new(-10009.167, 7.99998093, -10.3903627, -0.475410849, 1.31825715e-07, 0.879763901, 9.30346147e-08, 1, -9.95676857e-08, -0.879763901, 3.45129365e-08, -0.475410849) 
task.wait()
game.Players.LocalPlayer.Character.Humanoid.RootPart.CFrame = CFrame.new(-10009.3574, 7.99998808, -10.3326378, -0.457169831, 1.18542523e-07, 0.889379382, 8.3829967e-08, 1, -9.01954635e-08, -0.889379382, 3.33219923e-08, -0.457169831) 
task.wait()
game.Players.LocalPlayer.Character.Humanoid.RootPart.CFrame = CFrame.new(-10009.4219, 7.99998999, -10.3138638, -0.451226324, 1.19117281e-07, 0.892409563, 8.44622292e-08, 1, -9.07718913e-08, -0.892409563, 3.44162316e-08, -0.451226324) 
task.wait()
game.Players.LocalPlayer.Character.Humanoid.RootPart.CFrame = CFrame.new(-10009.5508, 7.99999285, -10.2773113, -0.439508647, 1.23180143e-07, 0.898238361, 8.77658337e-08, 1, -9.41913783e-08, -0.898238361, 3.74367097e-08, -0.439508647) 
task.wait()
game.Players.LocalPlayer.Character.Humanoid.RootPart.CFrame = CFrame.new(-10009.6152, 7.9999938, -10.2594538, -0.433753997, 1.26239229e-07, 0.901031315, 9.01860275e-08, 1, -9.6689952e-08, -0.901031315, 3.93207849e-08, -0.433753997) 
task.wait()
game.Players.LocalPlayer.Character.Humanoid.RootPart.CFrame = CFrame.new(-10009.7441, 7.99999571, -10.2248745, -0.422277123, 1.1789426e-07, 0.906466782, 8.44746353e-08, 1, -9.07066422e-08, -0.906466782, 3.82701124e-08, -0.422277123) 
task.wait()
game.Players.LocalPlayer.Character.Humanoid.RootPart.CFrame = CFrame.new(-10009.8086, 7.99999619, -10.2079525, -0.416628122, 1.24398994e-07, 0.909076989, 8.94971706e-08, 1, -9.58246247e-08, -0.909076989, 4.14365893e-08, -0.416628122) 
task.wait()
game.Players.LocalPlayer.Character.Humanoid.RootPart.CFrame = CFrame.new(-10009.9375, 7.99999714, -10.1748619, -0.40547365, 1.19174103e-07, 0.914106727, 8.6070699e-08, 1, -9.21935026e-08, -0.914106727, 4.12957668e-08, -0.40547365) 
task.wait()
game.Players.LocalPlayer.Character.Humanoid.RootPart.CFrame = CFrame.new(-10010.0664, 7.99999809, -10.1423302, -0.394655436, 1.20036205e-07, 0.918829203, 8.71184014e-08, 1, -9.32213027e-08, -0.918829203, 4.32566374e-08, -0.394655436) 
task.wait()
game.Players.LocalPlayer.Character.Humanoid.RootPart.CFrame = CFrame.new(-10010.1953, 7.99999857, -10.1102657, -0.384258747, 1.24859326e-07, 0.923225462, 9.1207724e-08, 1, -9.72806333e-08, -0.923225462, 4.68243577e-08, -0.384258747) 
task.wait()
game.Players.LocalPlayer.Character.Humanoid.RootPart.CFrame = CFrame.new(-10010.2598, 7.99999857, -10.09443, -0.379239112, 1.16935254e-07, 0.925298691, 8.54993658e-08, 1, -9.13332627e-08, -0.925298691, 4.44753034e-08, -0.379239112) 
task.wait()
game.Players.LocalPlayer.Character.Humanoid.RootPart.CFrame = CFrame.new(-10010.3887, 7.99999857, -10.0630732, -0.369520009, 1.15997679e-07, 0.929222763, 8.53867519e-08, 1, -9.08776272e-08, -0.929222763, 4.57622171e-08, -0.369520009) 
task.wait()
game.Players.LocalPlayer.Character.Humanoid.RootPart.CFrame = CFrame.new(-10010.4531, 7.99999857, -10.0475092, -0.364844888, 1.22517918e-07, 0.931068301, 9.05942983e-08, 1, -9.60886055e-08, -0.931068301, 4.92920478e-08, -0.364844888) 
task.wait()
game.Players.LocalPlayer.Character.Humanoid.RootPart.CFrame = CFrame.new(-10010.582, 7.99999857, -10.0166273, -0.355818748, 1.11152112e-07, 0.934554994, 8.25151503e-08, 1, -8.7519382e-08, -0.934554994, 4.59739091e-08, -0.355818748) 
task.wait()
game.Players.LocalPlayer.Character.Humanoid.RootPart.CFrame = CFrame.new(-10010.7109, 7.99999857, -9.98615456, -0.347166747, 1.15355768e-07, 0.937803388, 8.63249952e-08, 1, -9.10495714e-08, -0.937803388, 4.93464896e-08, -0.347166747) 
task.wait()
game.Players.LocalPlayer.Character.Humanoid.RootPart.CFrame = CFrame.new(-10010.7764, 7.99999857, -9.97111225, -0.342984945, 1.06421126e-07, 0.939340889, 7.97393156e-08, 1, -8.41778984e-08, -0.939340889, 4.6030646e-08, -0.342984945) 
task.wait()
game.Players.LocalPlayer.Character.Humanoid.RootPart.CFrame = CFrame.new(-10010.9072, 7.99999857, -9.94150925, -0.334812075, 9.85388127e-08, 0.942284942, 7.4304161e-08, 1, -7.81726186e-08, -0.942284942, 4.3842558e-08, -0.334812075) 
task.wait()
game.Players.LocalPlayer.Character.Humanoid.RootPart.CFrame = CFrame.new(-10010.9727, 7.99999857, -9.92705822, -0.330790251, 9.93986617e-08, 0.943704307, 7.52830971e-08, 1, -7.89397134e-08, -0.943704307, 4.49324951e-08, -0.330790251) 
task.wait()
game.Players.LocalPlayer.Character.Humanoid.RootPart.CFrame = CFrame.new(-10011.1035, 7.99999857, -9.89877319, -0.322830558, 1.10358428e-07, 0.94645679, 8.43035437e-08, 1, -8.78462387e-08, -0.94645679, 5.14302059e-08, -0.322830558) 
task.wait()
